       0          72.64160016          23.16879686        -160.48438434        -137.31558748
     100          65.43323663          20.86971328        -158.26635748        -137.39664420
     200          59.79291673          19.07075200        -156.47936252        -137.40861052
     300          57.64514280          18.38572665        -155.78652892        -137.40080228
     400          60.30123889          19.23287966        -156.54009116        -137.30721150
     500          61.72762728          19.68782150        -157.10161687        -137.41379537
     600          57.14347223          18.22572049        -155.66135485        -137.43563437
     700          59.33906643          18.92599796        -156.26728969        -137.34129173
     800          59.75647587          19.05912931        -156.36554426        -137.30641495
     900          54.35607344          17.33668891        -154.79957079        -137.46288188
    1000          58.38087656          18.62038648        -155.96230669        -137.34192021
    1100          59.80933564          19.07598876        -156.35932099        -137.28333224
    1200          59.35800355          18.93203789        -156.26587665        -137.33383876
    1300          62.28306286          19.86497583        -157.10909906        -137.24412324
    1400          56.93168792          18.15817258        -155.44501733        -137.28684474
    1500          58.26383349          18.58305599        -155.91700555        -137.33394956
    1600          57.40448498          18.30896964        -155.68941538        -137.38044574
    1700          62.93329516          20.07236526        -157.42260553        -137.35024027
    1800          53.45890134          17.05053885        -154.52525666        -137.47471781
    1900          59.48052540          18.97111582        -156.30527788        -137.33416206
    2000          62.75114395          20.01426874        -157.30132634        -137.28705761
    2100          57.86465886          18.45574056        -155.66814504        -137.21240447
    2200          60.48709290          19.29215718        -156.59447068        -137.30231349
    2300          53.81193894          17.16313902        -154.43944723        -137.27630821
    2400          59.52572193          18.98553111        -156.33952786        -137.35399675
    2500          58.92686583          18.79452794        -156.03041540        -137.23588745
    2600          61.65941059          19.66606401        -156.94491184        -137.27884783
    2700          58.81987806          18.76040455        -156.07031126        -137.30990671
    2800          53.15475430          16.95353216        -154.26693028        -137.31339812
    2900          54.95193295          17.52673632        -154.82877246        -137.30203614
    3000          55.99963526          17.86089749        -155.23428941        -137.37339192
    3100          56.97369957          18.17157206        -155.46229979        -137.29072773
    3200          54.82661062          17.48676518        -154.82426030        -137.33749512
    3300          58.17829107          18.55577251        -155.99088355        -137.43511104
    3400          57.28761348          18.27169386        -155.64132227        -137.36962841
    3500          55.43527336          17.68089613        -155.09613514        -137.41523900
    3600          55.08689748          17.56978281        -155.00142562        -137.43164282
    3700          56.84773100          18.13139480        -155.56340456        -137.43200975
    3800          51.62386691          16.46526072        -153.98189941        -137.51663869
    3900          52.18966759          16.64572096        -154.10776272        -137.46204175
    4000          52.04658148          16.60008413        -153.99309434        -137.39301022
    4100          56.74292611          18.09796763        -155.56888338        -137.47091575
    4200          51.99529805          16.58372745        -154.04195011        -137.45822266
    4300          51.52497119          16.43371826        -153.89628055        -137.46256229
    4400          53.09218502          16.93357590        -154.37699186        -137.44341596
    4500          55.28484487          17.63291747        -154.99816465        -137.36524718
    4600          50.51885740          16.11282161        -153.47749487        -137.36467326
    4700          54.84829955          17.49368279        -154.83498599        -137.34130320
    4800          51.57200175          16.44871850        -153.90361869        -137.45490018
    4900          44.13664102          14.07723492        -151.42487347        -137.34763855
    5000          51.72999656          16.49911042        -153.93899336        -137.43988294
    5100          52.20696570          16.65123814        -154.05527559        -137.40403745
    5200          51.72813041          16.49851522        -153.83971674        -137.34120153
    5300          54.45001273          17.36665053        -154.76659716        -137.39994662
    5400          50.17630933          16.00356704        -153.34029347        -137.33672642
    5500          45.86400180          14.62817089        -151.89086634        -137.26269545
    5600          50.82190589          16.20947792        -153.55442014        -137.34494222
    5700          49.24101889          15.70525926        -153.13630783        -137.43104856
    5800          53.34819070          17.01522806        -154.33769606        -137.32246800
    5900          45.38267388          14.47465295        -151.75285459        -137.27820164
    6000          52.86860068          16.86226442        -154.25966705        -137.39740263
    6100          50.14051938          15.99215196        -153.35003054        -137.35787859
    6200          48.81884039          15.57060684        -153.01763431        -137.44702747
    6300          52.79799216          16.83974406        -154.22113849        -137.38139443
    6400          52.59508962          16.77502897        -154.14429507        -137.36926610
    6500          51.94258300          16.56691416        -153.91747248        -137.35055833
    6600          49.22686541          15.70074506        -153.12550404        -137.42475898
    6700          49.49282459          15.78557186        -153.18184681        -137.39627495
    6800          52.76234230          16.82837366        -154.30816774        -137.47979408
    6900          57.21953441          18.24998026        -155.72249211        -137.47251185
    7000          51.16919998          16.32024621        -153.74923772        -137.42899151
    7100          52.05845226          16.60387027        -153.98913547        -137.38526519
    7200          49.79496391          15.88193819        -153.20074048        -137.31880230
    7300          51.08780965          16.29428704        -153.67262621        -137.37833917
    7400          45.48326601          14.50673648        -151.87654467        -137.36980819
    7500          55.12894781          17.58319462        -155.09078606        -137.50759144
    7600          54.13970692          17.26767953        -154.75171828        -137.48403875
    7700          51.27852645          16.35511553        -153.80368672        -137.44857119
    7800          48.07731154          15.33409868        -152.76221142        -137.42811274
    7900          55.02874586          17.55123554        -154.91687366        -137.36563812
    8000          53.77797020          17.15230480        -154.54946219        -137.39715738
    8100          54.80890482          17.48111797        -154.86354587        -137.38242790
    8200          56.13979682          17.90560155        -155.29171425        -137.38611270
    8300          52.78891509          16.83684896        -154.20317099        -137.36632202
    8400          55.71814515          17.77111715        -155.09094182        -137.31982466
    8500          52.40064951          16.71301295        -154.11457709        -137.40156415
    8600          51.17639305          16.32254042        -153.65062001        -137.32807958
    8700          51.39869261          16.39344212        -153.84170935        -137.44826722
    8800          52.36479020          16.70157574        -154.09944770        -137.39787196
    8900          55.16859870          17.59584114        -155.01652738        -137.42068624
    9000          53.28196242          16.99410477        -154.36419028        -137.37008551
    9100          58.32505738          18.60258314        -155.97593407        -137.37335093
    9200          58.06146719          18.51851193        -155.92859300        -137.41008108
    9300          55.34193113          17.65112494        -155.00519639        -137.35407145
    9400          55.28526314          17.63305087        -154.95158243        -137.31853155
    9500          54.98021476          17.53575671        -154.92125927        -137.38550256
    9600          53.81923556          17.16546625        -154.55444171        -137.38897546
    9700          52.04780412          16.60047408        -153.97744941        -137.37697532
    9800          53.77123098          17.15015535        -154.52385741        -137.37370206
    9900          51.81318044          16.52564164        -153.93826833        -137.41262669
   10000          55.61844355          17.73931766        -155.10549168        -137.36617402
